[gd_scene load_steps=9 format=3 uid="uid://c0diii2blledv"]

[ext_resource type="Script" path="res://Scripts/PlayerandItems/PlayerController.gd" id="1_yb3sx"]
[ext_resource type="PackedScene" uid="uid://bqy33rwx6p2gu" path="res://Scenes/pausemenu.tscn" id="2_c0kcq"]
[ext_resource type="PackedScene" uid="uid://huhgi0dcuejl" path="res://Scenes/inventory.tscn" id="2_cmbys"]
[ext_resource type="PackedScene" uid="uid://bub0r3q257xpe" path="res://Scenes/Items/keycard.tscn" id="3_dc1dr"]
[ext_resource type="PackedScene" uid="uid://xnkbca7fwn36" path="res://Scenes/Items/gun.tscn" id="4_tioku"]

[sub_resource type="CapsuleShape3D" id="CapsuleShape3D_0j8gy"]
height = 4.0

[sub_resource type="CapsuleMesh" id="CapsuleMesh_rjcbi"]
height = 4.0

[sub_resource type="BoxMesh" id="BoxMesh_iedih"]
size = Vector3(0.5, 0.5, 0.5)

[node name="CharacterBody3D" type="CharacterBody3D" groups=["player"]]
safe_margin = 0.01
script = ExtResource("1_yb3sx")

[node name="inventory" parent="." instance=ExtResource("2_cmbys")]
unique_name_in_owner = true

[node name="gun" parent="inventory" instance=ExtResource("4_tioku")]
transform = Transform3D(0.00500986, -0.0449686, -0.497949, 0.496926, 0.0553615, 0, 0.0551344, -0.494887, 0.0452468, 0.366865, 0, -0.553441)
iname = "Stun Gun"

[node name="keycard" parent="inventory" instance=ExtResource("3_dc1dr")]
transform = Transform3D(0.812603, 0, 0.582818, 0, 1, 0, -0.582818, 0, 0.812603, -0.533012, 0, -0.739092)
iname = "Blue Keycard"
color = Color(0, 0, 1, 1)

[node name="keycard2" parent="inventory" instance=ExtResource("3_dc1dr")]
transform = Transform3D(0.979233, 0, 0.202736, 0, 1, 0, -0.202736, 0, 0.979233, -0.343276, 0, -0.828928)
iname = "Green Keycard"
color = Color(0, 1, 0, 1)

[node name="keycard3" parent="inventory" instance=ExtResource("3_dc1dr")]
transform = Transform3D(0.995665, 0, 0.0930136, 0, 1, 0, -0.0930136, 0, 0.995665, -0.139259, 0, -0.872987)
iname = "Orange Keycard"
color = Color(1, 0.313726, 0, 1)

[node name="keycard4" parent="inventory" instance=ExtResource("3_dc1dr")]
transform = Transform3D(0.9851, 0, -0.171981, 0, 1, 0, 0.171981, 0, 0.9851, 0.20914, 0, -0.890654)
iname = "Yellow Keycard"
color = Color(1, 1, 0, 1)

[node name="keycard5" parent="inventory" instance=ExtResource("3_dc1dr")]
transform = Transform3D(0.92004, 0, -0.391823, 0, 1, 0, 0.391823, 0, 0.92004, 0.428801, 0, -0.828952)
iname = "Test Keycard"
color = Color(0.5, 0, 1, 1)

[node name="pausemenu" parent="." instance=ExtResource("2_c0kcq")]

[node name="CollisionShape3D" type="CollisionShape3D" parent="."]
shape = SubResource("CapsuleShape3D_0j8gy")

[node name="MeshInstance3D" type="MeshInstance3D" parent="."]
visible = false
mesh = SubResource("CapsuleMesh_rjcbi")

[node name="Pivot" type="Node3D" parent="."]
transform = Transform3D(1, 0, 0, 0, 1, 0, 0, 0, 1, 0, 1.6396, -0.561918)

[node name="Camera3D" type="Camera3D" parent="Pivot"]
current = true
fov = 90.0

[node name="flashlight" type="SpotLight3D" parent="Pivot/Camera3D"]
unique_name_in_owner = true
light_energy = 3.0
distance_fade_enabled = true
spot_range = 18.545
spot_angle = 51.898

[node name="Hand" type="Marker3D" parent="Pivot"]
unique_name_in_owner = true
transform = Transform3D(1, 0, 0, 0, 1, 0, 0, 0, 1, 1.09706, -0.753778, -1.01396)

[node name="MeshInstance3D" type="MeshInstance3D" parent="Pivot/Hand"]
mesh = SubResource("BoxMesh_iedih")

[node name="crosshair" type="ColorRect" parent="."]
anchors_preset = 8
anchor_left = 0.5
anchor_top = 0.5
anchor_right = 0.5
anchor_bottom = 0.5
offset_left = -1.0
offset_top = -1.0
offset_right = 1.0
offset_bottom = 1.0
grow_horizontal = 2
grow_vertical = 2
mouse_filter = 2
color = Color(1, 1, 1, 0.509804)
